DIMENSION      106
BB_EXE         "$python $BBPF.py $118 $-one"
BB_OUTPUT_TYPE OBJ PB
# x0             ( 100.0 100.0 100.0 100.0 550.0 185.0 100.0 100.0 100.0 100.0 320.0 414.0 100.0 107.0 100.0 100.0 100.0 100.0 100.0 119.0 304.0 148.0 100.0 100.0 255.0 260.0 100.0 491.0 492.0 100.0 100.0 100.0 100.0 100.0 100.0 577.0 100.0 104.0 707.0 100.0 100.0 100.0 100.0 352.0 140.0 100.0 100.0 100.0 100.0 136.0 100.0 100.0 100.0 1.06 1.06 1.06 1.06 1.06 1.06 1.06 1.06 1.06 1.06 1.06 1.06 1.06 1.06 1.06 1.06 1.06 1.06 1.06 1.06 1.06 1.06 1.06 1.06 1.06 1.06 1.06 1.06 1.06 1.06 1.06 1.06 1.06 1.06 1.06 1.06 1.06 1.06 1.06 1.06 1.06 1.06 1.06 1.06 1.06 1.06 1.06 1.06 1.06 1.06 1.06 1.06 1.06 )
# x0            (26.4 0.0 0.0 0.0 401.8 85.8 20.8 13.2 21.6 0.0 193.9 279.8 10.0 7.2 15.0 4.7 10.5 49.3 41.0 19.0 193.3 49.5 32.0 32.4 149.6 148.3 0.0 351.9 348.6 0.0 0.0 0.0 18.3 24.0 0.0 430.7 0.0 3.6 502.3 0.0 0.0 0.0 0.0 231.3 38.3 0.0 5.4 29.3 7.2 35.2 36.7 0.0 0.0  1.03 1.06 1.05 1.04 1.05 1.05 1.05 1.05 1.05 1.04 1.06 1.03 1.04 1.04 1.04 1.06 1.05 1.04 1.04 1.03 1.05 1.03 1.03 1.03 1.05 1.05 1.05 1.02 1.06 1.02 1.03 1.02 1.0 1.0 1.04 1.05 1.05 1.05 1.06 1.04 1.04 1.05 1.05 1.05 1.05 1.04 1.04 1.03 1.04 1.05 1.03 1.06 1.02 )
#x0             ( 0.0 0.0 0.0 0.0 450.0 85.0 0.0 0.0 0.0 0.0 220.0 314.0 0.0 7.0 0.0 0.0 0.0 0.0 0.0 19.0 204.0 48.0 0.0 0.0 155.0 160.0 0.0 391.0 392.0 0.0 0.0 0.0 0.0 0.0 0.0 477.0 0.0 4.0 607.0 0.0 0.0 0.0 0.0 252.0 40.0 0.0 0.0 0.0 0.0 36.0 0.0 0.0 0.0 0.955 0.998 0.99 1.015 1.05 0.99 0.97 0.973 0.962 0.992 1.05 1.015 0.968 0.967 0.963 0.984 0.98 0.97 0.985 1.005 1.025 0.955 0.952 0.954 0.985 0.995 0.998 1.005 1.05 0.984 0.98 0.991 0.958 0.943 1.006 1.04 0.985 1.015 1.005 0.985 0.98 0.99 1.01 1.017 1.01 0.971 0.965 0.952 0.973 0.98 0.975 0.993 1.005 )
x0           ( 50.0 50.0 50.0 50.0 275.0 92.5 50.0 50.0 50.0 50.0 160.0 207.0 50.0 53.5 50.0 50.0 50.0 50.0 50.0 59.5 152.0 74.0 50.0 50.0 127.5 130.0 50.0 245.5 246.0 50.0 50.0 50.0 50.0 50.0 50.0 288.5 50.0 52.0 353.5 50.0 50.0 50.0 50.0 176.0 70.0 50.0 50.0 50.0 50.0 68.0 50.0 50.0 50.0 1.0 1.0 1.0 1.0 1.0 1.0 1.0 1.0 1.0 1.0 1.0 1.0 1.0 1.0 1.0 1.0 1.0 1.0 1.0 1.0 1.0 1.0 1.0 1.0 1.0 1.0 1.0 1.0 1.0 1.0 1.0 1.0 1.0 1.0 1.0 1.0 1.0 1.0 1.0 1.0 1.0 1.0 1.0 1.0 1.0 1.0 1.0 1.0 1.0 1.0 1.0 1.0 1.0 )
LOWER_BOUND    ( 0.0 0.0 0.0 0.0 0.0 0.0 0.0 0.0 0.0 0.0 0.0 0.0 0.0 0.0 0.0 0.0 0.0 0.0 0.0 0.0 0.0 0.0 0.0 0.0 0.0 0.0 0.0 0.0 0.0 0.0 0.0 0.0 0.0 0.0 0.0 0.0 0.0 0.0 0.0 0.0 0.0 0.0 0.0 0.0 0.0 0.0 0.0 0.0 0.0 0.0 0.0 0.0 0.0 0.94 0.94 0.94 0.94 0.94 0.94 0.94 0.94 0.94 0.94 0.94 0.94 0.94 0.94 0.94 0.94 0.94 0.94 0.94 0.94 0.94 0.94 0.94 0.94 0.94 0.94 0.94 0.94 0.94 0.94 0.94 0.94 0.94 0.94 0.94 0.94 0.94 0.94 0.94 0.94 0.94 0.94 0.94 0.94 0.94 0.94 0.94 0.94 0.94 0.94 0.94 0.94 0.94 )
UPPER_BOUND    ( 100.0 100.0 100.0 100.0 550.0 185.0 100.0 100.0 100.0 100.0 320.0 414.0 100.0 107.0 100.0 100.0 100.0 100.0 100.0 119.0 304.0 148.0 100.0 100.0 255.0 260.0 100.0 491.0 492.0 100.0 100.0 100.0 100.0 100.0 100.0 577.0 100.0 104.0 707.0 100.0 100.0 100.0 100.0 352.0 140.0 100.0 100.0 100.0 100.0 136.0 100.0 100.0 100.0 1.06 1.06 1.06 1.06 1.06 1.06 1.06 1.06 1.06 1.06 1.06 1.06 1.06 1.06 1.06 1.06 1.06 1.06 1.06 1.06 1.06 1.06 1.06 1.06 1.06 1.06 1.06 1.06 1.06 1.06 1.06 1.06 1.06 1.06 1.06 1.06 1.06 1.06 1.06 1.06 1.06 1.06 1.06 1.06 1.06 1.06 1.06 1.06 1.06 1.06 1.06 1.06 1.06 )
MAX_BB_EVAL    100000

DISPLAY_STATS BBE ( SOL ) OBJ CONS_H TIME
DISPLAY_DEGREE 2
DISPLAY_ALL_EVAL YES
SEED 42

#GRANULARITY ( 1 1 1 1 1 1 1 1 1 1 1 1 1 1 1 1 1 1 1 1 1 1 1 1 1 1 1 1 1 1 1 1 1 1 1 1 1 1 1 1 1 1 1 1 1 1 1 1 1 1 1 1 1 0.1 0.1 0.1 0.1 0.1 0.1 0.1 0.1 0.1 0.1 0.1 0.1 0.1 0.1 0.1 0.1 0.1 0.1 0.1 0.1 0.1 0.1 0.1 0.1 0.1 0.1 0.1 0.1 0.1 0.1 0.1 0.1 0.1 0.1 0.1 0.1 0.1 0.1 0.1 0.1 0.1 0.1 0.1 0.1 0.1 0.1 0.1 0.1 0.1 0.1 0.1 0.1 0.1 )
GRANULARITY ( 0.1 0.1 0.1 0.1 0.1 0.1 0.1 0.1 0.1 0.1 0.1 0.1 0.1 0.1 0.1 0.1 0.1 0.1 0.1 0.1 0.1 0.1 0.1 0.1 0.1 0.1 0.1 0.1 0.1 0.1 0.1 0.1 0.1 0.1 0.1 0.1 0.1 0.1 0.1 0.1 0.1 0.1 0.1 0.1 0.1 0.1 0.1 0.1 0.1 0.1 0.1 0.1 0.1 0.01 0.01 0.01 0.01 0.01 0.01 0.01 0.01 0.01 0.01 0.01 0.01 0.01 0.01 0.01 0.01 0.01 0.01 0.01 0.01 0.01 0.01 0.01 0.01 0.01 0.01 0.01 0.01 0.01 0.01 0.01 0.01 0.01 0.01 0.01 0.01 0.01 0.01 0.01 0.01 0.01 0.01 0.01 0.01 0.01 0.01 0.01 0.01 0.01 0.01 0.01 0.01 0.01 )

#STATS_FILE 'resultats_14_costs.txt' BBE ( SOL ) OBJ CONS_H ( BBO ) TIME

#STATS_FILE 'NOMAD_118_x0_middle.txt' BBE OBJ CONS_H TIME